%YAML:1.0
---
imageSize: [ 648, 488 ]
K1: !!opencv-matrix
   rows: 3
   cols: 3
   dt: d
   data: [ 4.8546740797697447e+02, 0., 3.2486844392613369e+02, 0.,
       4.8533752215436937e+02, 2.4923223765263305e+02, 0., 0., 1. ]
K2: !!opencv-matrix
   rows: 3
   cols: 3
   dt: d
   data: [ 4.8573700929182172e+02, 0., 3.0651397783441251e+02, 0.,
       4.8563408133651234e+02, 2.4968098910215969e+02, 0., 0., 1. ]
D1: !!opencv-matrix
   rows: 1
   cols: 5
   dt: d
   data: [ -2.3214140289968088e-01, 1.0021366542538275e-01,
       -4.9757864252194064e-04, -8.0567609417786577e-04,
       -2.0753226069849941e-02 ]
D2: !!opencv-matrix
   rows: 1
   cols: 5
   dt: d
   data: [ -2.3523682001230797e-01, 1.1382798851997095e-01,
       -2.8394933168151437e-04, 1.4089102725828282e-04,
       -4.2354486630707407e-02 ]
R: !!opencv-matrix
   rows: 3
   cols: 3
   dt: d
   data: [ 9.9998076310482475e-01, 4.1436486418116175e-03,
       -4.6155818945771742e-03, -4.1727020963014116e-03,
       9.9997143057555316e-01, -6.3029032911253004e-03,
       4.5893330133972279e-03, 6.3220414910825336e-03,
       9.9996948444133893e-01 ]
T: !!opencv-matrix
   rows: 3
   cols: 1
   dt: d
   data: [ -2.6221886712403364e-01, 4.6030077122894900e-04,
       -2.6798689879112244e-03 ]
E: !!opencv-matrix
   rows: 3
   cols: 3
   dt: d
   data: [ -9.0698214181770862e-06, 2.6827024661707334e-03,
       4.4339576983007254e-04, -1.4764077319244721e-03,
       1.6466541222108068e-03, 2.6222323452359231e-01,
       6.3386930006697280e-04, -2.6221328300658636e-01,
       1.6548647164969638e-03 ]
F: !!opencv-matrix
   rows: 3
   cols: 3
   dt: d
   data: [ -2.4374392847456824e-08, 7.2114697996148338e-06,
       -1.2109344868516919e-03, -3.9685642734100680e-06,
       4.4273688312865930e-06, 3.4236876052289222e-01,
       1.8257851383929405e-03, -3.4569488085709621e-01, 1. ]
R1: !!opencv-matrix
   rows: 3
   cols: 3
   dt: d
   data: [ 9.9998122857390914e-01, 2.4527712419010342e-03,
       5.6148386486387708e-03, -2.4350857038369237e-03,
       9.9999205984463813e-01, -3.1544580029920430e-03,
       -5.6225312298211014e-03, 3.1407261759941380e-03,
       9.9997926127578118e-01 ]
R2: !!opencv-matrix
   rows: 3
   cols: 3
   dt: d
   data: [ 9.9994623971445551e-01, -1.7553123860848167e-03,
       1.0219420695324312e-02, 1.7231365394881875e-03,
       9.9999353377798672e-01, 3.1564541309257025e-03,
       -1.0224895177313382e-02, -3.1386749818377939e-03,
       9.9994279848297885e-01 ]
P1: !!opencv-matrix
   rows: 3
   cols: 4
   dt: d
   data: [ 4.8548580174544088e+02, 0., 3.0425485992431641e+02, 0., 0.,
       4.8548580174544088e+02, 2.5088117980957031e+02, 0., 0., 0., 1.,
       0. ]
P2: !!opencv-matrix
   rows: 3
   cols: 4
   dt: d
   data: [ 4.8548580174544088e+02, 0., 3.0425485992431641e+02,
       -1.2731038118093778e+02, 0., 4.8548580174544088e+02,
       2.5088117980957031e+02, 0., 0., 0., 1., 0. ]
Q: !!opencv-matrix
   rows: 4
   cols: 4
   dt: d
   data: [ 1., 0., 0., -3.0425485992431641e+02, 0., 1., 0.,
       -2.5088117980957031e+02, 0., 0., 0., 4.8548580174544088e+02, 0.,
       0., 3.8134030959773200e+00, 0. ]
