%YAML:1.0
---
imageSize: [ 648, 488 ]
K1: !!opencv-matrix
   rows: 3
   cols: 3
   dt: d
   data: [ 4.8810413098990273e+02, 0., 3.2800807246554223e+02, 0.,
       4.8825112161332089e+02, 2.4409191902469354e+02, 0., 0., 1. ]
K2: !!opencv-matrix
   rows: 3
   cols: 3
   dt: d
   data: [ 4.8811375468558828e+02, 0., 3.0595831874650651e+02, 0.,
       4.8809294481720303e+02, 2.4686187831622595e+02, 0., 0., 1. ]
D1: !!opencv-matrix
   rows: 1
   cols: 5
   dt: d
   data: [ -2.3416434756554838e-01, 1.1137223804923428e-01,
       4.8326642878065035e-04, -8.8459828531323604e-04,
       -3.4803338076058066e-02 ]
D2: !!opencv-matrix
   rows: 1
   cols: 5
   dt: d
   data: [ -2.3340464426885557e-01, 1.1701978961884044e-01,
       1.7892251054164122e-05, 6.8458701927861794e-04,
       -4.3050753591348329e-02 ]
R: !!opencv-matrix
   rows: 3
   cols: 3
   dt: d
   data: [ 9.9996586548298694e-01, 6.8622460119906357e-03,
       -4.6018961887281966e-03, -6.8676301829454769e-03,
       9.9997575027904739e-01, -1.1552097327727157e-03,
       4.5938572606480455e-03, 1.1867744214108865e-03,
       9.9998874395762150e-01 ]
T: !!opencv-matrix
   rows: 3
   cols: 1
   dt: d
   data: [ -2.6059219837830011e-01, 1.0942415258300318e-03,
       -2.7468986963798151e-03 ]
E: !!opencv-matrix
   rows: 3
   cols: 3
   dt: d
   data: [ -1.3837895018414716e-05, 2.7481307027066434e-03,
       1.0910559648920461e-03, -1.5496815697311405e-03,
       2.9041426083002339e-04, 2.6060190608411338e-01,
       6.9544667259887737e-04, -2.6059338804475379e-01,
       3.0607422975851591e-04 ]
F: !!opencv-matrix
   rows: 3
   cols: 3
   dt: d
   data: [ 2.9505286897036515e-08, -5.8578254724688015e-06,
       2.8466418078045236e-04, 3.3043861577001097e-06,
       -6.1906392718731672e-07, -2.7216317736073836e-01,
       -1.5485478803164980e-03, 2.7307876222139360e-01, 1. ]
R1: !!opencv-matrix
   rows: 3
   cols: 3
   dt: d
   data: [ 9.9997875804572578e-01, 2.6756282605230461e-03,
       5.9434393022479012e-03, -2.6722268196287167e-03,
       9.9999626129673302e-01, -5.8016926879663800e-04,
       -5.9449693987834434e-03, 5.6427472696324646e-04,
       9.9998216930747330e-01 ]
R2: !!opencv-matrix
   rows: 3
   cols: 3
   dt: d
   data: [ 9.9993563398248397e-01, -4.1987868426981564e-03,
       1.0540307447963028e-02, 4.1927546303743221e-03,
       9.9999103374919096e-01, 5.9433141744846796e-04,
       -1.0542708411858630e-02, -5.5010023984403632e-04,
       9.9994427279177356e-01 ]
P1: !!opencv-matrix
   rows: 3
   cols: 4
   dt: d
   data: [ 4.8817203321526199e+02, 0., 3.0701555252075195e+02, 0., 0.,
       4.8817203321526199e+02, 2.4640965270996094e+02, 0., 0., 0., 1.,
       0. ]
P2: !!opencv-matrix
   rows: 3
   cols: 4
   dt: d
   data: [ 4.8817203321526199e+02, 0., 3.0701555252075195e+02,
       -1.2722201209662876e+02, 0., 4.8817203321526199e+02,
       2.4640965270996094e+02, 0., 0., 0., 1., 0. ]
Q: !!opencv-matrix
   rows: 4
   cols: 4
   dt: d
   data: [ 1., 0., 0., -3.0701555252075195e+02, 0., 1., 0.,
       -2.4640965270996094e+02, 0., 0., 0., 4.8817203321526199e+02, 0.,
       0., 3.8371664240342418e+00, 0. ]
